('D = ', [-0.5397718720169082, 0.3563911528215399, 0.00553740695683671, 0.0021636195907332404, 0.0])
('K = ', [573.1015856465557, 0.0, 332.2515757674835, 0.0, 572.5683876207834, 135.36227557197694, 0.0, 0.0, 1.0])
('R = ', [1.0, 0.0, 0.0, 0.0, 1.0, 0.0, 0.0, 0.0, 1.0])
('P = ', [474.369140625, 0.0, 338.2153009279864, 0.0, 0.0, 536.2168579101562, 131.4443498772971, 0.0, 0.0, 0.0, 1.0, 0.0])
None
# oST version 5.0 parameters


[image]

width
640

height
360

[narrow_stereo]

camera matrix
573.101586 0.000000 332.251576
0.000000 572.568388 135.362276
0.000000 0.000000 1.000000

distortion
-0.539772 0.356391 0.005537 0.002164 0.000000

rectification
1.000000 0.000000 0.000000
0.000000 1.000000 0.000000
0.000000 0.000000 1.000000

projection
474.369141 0.000000 338.215301 0.000000
0.000000 536.216858 131.444350 0.000000
0.000000 0.000000 1.000000 0.000000


('Wrote calibration data to', '/tmp/calibrationdata.tar.gz')
('D = ', [-0.5397718720169082, 0.3563911528215399, 0.00553740695683671, 0.0021636195907332404, 0.0])
('K = ', [573.1015856465557, 0.0, 332.2515757674835, 0.0, 572.5683876207834, 135.36227557197694, 0.0, 0.0, 1.0])
('R = ', [1.0, 0.0, 0.0, 0.0, 1.0, 0.0, 0.0, 0.0, 1.0])
('P = ', [474.369140625, 0.0, 338.2153009279864, 0.0, 0.0, 536.2168579101562, 131.4443498772971, 0.0, 0.0, 0.0, 1.0, 0.0])
# oST version 5.0 parameters


[image]

width
640

height
360

[narrow_stereo]

camera matrix
573.101586 0.000000 332.251576
0.000000 572.568388 135.362276
0.000000 0.000000 1.000000

distortion
-0.539772 0.356391 0.005537 0.002164 0.000000

rectification
1.000000 0.000000 0.000000
0.000000 1.000000 0.000000
0.000000 0.000000 1.000000

projection
474.369141 0.000000 338.215301 0.000000
0.000000 536.216858 131.444350 0.000000
0.000000 0.000000 1.000000 0.000000
